0.000002401
0.000034026
0.00002567
0.00004557
0.00005708
0.000105624
0.000162047
0.000241093
0.000369726
0.000444991
0.000594902
0.000685037
0.000930993
0.00118624
0.00154566
0.00183314
0.00225929
0.00267309
0.00306857
0.00397094
0.00407861
0.00478669
0.00580922
0.00634753
0.00684819
0.00805654
0.0114973
0.0102382
0.0116901
0.0124054
0.0136045
0.0184948
0.0170236
0.0190239
0.0206231
0.0239919
0.0234793
0.025924
0.0280637
0.0336232
0.0319335
0.0395215
0.0385864
0.0400159
0.0435982
0.0469464
0.0546104
0.0696683
0.0656972
0.0611154
0.0661563
0.0734628
0.0757657
0.0788004
0.0864173
0.117147
0.0946876
0.0941469
0.102285
0.115455
0.116148
0.126993
0.130462
0.185703
0.136428
0.15556
0.152077
0.175811
0.174784
0.183084
0.185861
0.271484
0.208978
0.218738
0.232024
0.262498
0.241728
0.286614
0.296854
0.391775
0.296253
0.317865
0.340513
0.364708
0.333687
0.364143
0.366588
0.499827
0.393059
0.425463
0.423233
0.470591
0.456896
0.482903
0.547575
0.675936
0.535613
0.577147
0.58887
0.649837
0.615646
0.652989
0.771436
0.876531
0.736792
0.736736
0.803589
0.818602
1.03962
0.857763
0.891089
1.13107
0.987025
1.15425
1.09675
1.09147
1.35081
1.20292
1.47835
1.4281
1.427
1.42936
1.51546
1.35537
2.06718
1.46258
1.96965
5.21303
2.19146
1.74353
2.10215
1.70204
2.05057
1.99005
2.22085
2.42905
2.45108
2.19447
2.54798
2.18471
3.15058
2.82049
3.29001
4.1026
3.44035
3.08008
4.04592
2.9505
3.90668
2.88488